{
  "flan-t5-xl": 0.776092529296875,
  "opt-6.7b-coco": 0.7804840087890625,
  "opt-6.7b": 0.7776560465494792,
  "opt-2.7b": 0.77568359375
}